0,8.0450429999999993e-06,6.4510980000000003e-06,4.3817720000000002e-06,1.726963e-06,1.6065340000000001e-06
0.10000000000000001,8.0214700000000006e-06,6.4389560000000002e-06,4.3762669999999997e-06,1.718349e-06,1.6032149999999999e-06
0.20000000000000001,8.0018059999999999e-06,6.4213930000000001e-06,4.3649350000000002e-06,1.7141109999999999e-06,1.5988160000000001e-06
0.29999999999999999,7.9791169999999994e-06,6.4011789999999999e-06,4.3525009999999996e-06,1.7097549999999999e-06,1.5931559999999999e-06
0.40000000000000002,7.9502689999999993e-06,6.3773550000000004e-06,4.3372669999999997e-06,1.7044360000000001e-06,1.5901649999999999e-06
0.5,7.915975e-06,6.3483200000000004e-06,4.3202609999999999e-06,1.6985280000000001e-06,1.5845729999999999e-06
0.59999999999999998,7.8753319999999998e-06,6.3150609999999999e-06,4.2979589999999997e-06,1.690212e-06,1.578038e-06
0.69999999999999996,7.8249289999999996e-06,6.2718849999999998e-06,4.2718140000000003e-06,1.6803550000000001e-06,1.5692979999999999e-06
0.80000000000000004,7.7556560000000006e-06,6.2180170000000003e-06,4.238333e-06,1.6689959999999999e-06,1.5592349999999999e-06
0.90000000000000002,7.663024e-06,6.1474480000000003e-06,4.1952409999999997e-06,1.654461e-06,1.5467299999999999e-06
1,7.5319690000000003e-06,6.0506890000000003e-06,4.136655e-06,1.6347100000000001e-06,1.531626e-06
1.1000000000000001,7.321878e-06,5.9050079999999996e-06,4.0534589999999997e-06,1.60798e-06,1.510394e-06
1.2,6.9192749999999999e-06,5.6642699999999997e-06,3.9265530000000004e-06,1.5693299999999999e-06,1.4815619999999999e-06
1.3,5.6750779999999999e-06,5.1294670000000003e-06,3.6993790000000002e-06,1.5093309999999999e-06,1.441835e-06
1.3999999999999999,3.6157139999999999e-06,3.5427640000000001e-06,3.1738640000000001e-06,1.4101259999999999e-06,1.3832500000000001e-06
1.5,1.9655449999999998e-06,1.927832e-06,1.8752080000000001e-06,1.2102029999999999e-06,1.293493e-06
1.6000000000000001,8.5292440000000002e-07,8.3479069999999997e-07,8.1361679999999999e-07,7.4084830000000005e-07,1.156098e-06
1.7,2.5051630000000002e-07,2.4359020000000001e-07,2.3718540000000001e-07,2.24311e-07,9.4621789999999996e-07
1.8,3.9474039999999999e-08,3.8197859999999997e-08,3.717992e-08,3.5046649999999997e-08,6.7210450000000001e-07
1.8999999999999999,3.3247839999999998e-09,3.2180360000000002e-09,3.1298419999999998e-09,2.969632e-09,3.950808e-07
2,2.3274200000000001e-10,2.1773319999999999e-10,2.118346e-10,1.9872649999999999e-10,1.7378850000000001e-07
2.1000000000000001,3.7828809999999998e-11,2.9555380000000001e-11,2.4711619999999999e-11,2.0913279999999999e-11,4.7348770000000002e-08
2.2000000000000002,2.4656899999999999e-11,1.7666590000000001e-11,1.16448e-11,8.7053029999999994e-12,7.6130850000000007e-09
2.2999999999999998,2.3602089999999999e-11,1.530747e-11,1.1041879999999999e-11,8.9660099999999997e-12,1.955776e-09
2.3999999999999999,2.3546149999999999e-11,1.4977830000000001e-11,1.121268e-11,7.4529229999999998e-12,1.4220630000000001e-09
2.5,2.3450460000000001e-11,1.5183799999999999e-11,1.074281e-11,7.8564679999999992e-12,1.367608e-09
