2.1499999999999999,1.5199999999999999e-10,0.98499999999999999,3050
2.1800000000000002,1.573e-09,1.0720000000000001,3556
2.2000000000000002,2.7229999999999998e-09,1.105,5297
2.25,1.1830000000000001e-08,1.204,5502
2.2999999999999998,1.3410000000000001e-08,1.3380000000000001,5984
2.3500000000000001,6.2540000000000003e-08,1.4039999999999999,6062
2.3999999999999999,2.41e-07,1.508,6550
2.4500000000000002,7.9400000000000004e-07,1.609,7126
2.5,2.0320000000000002e-06,1.7050000000000001,7660
2.5499999999999998,4.459e-06,1.7969999999999999,8180
2.6000000000000001,8.3699999999999995e-06,1.885,8668
2.6499999999999999,1.378e-05,1.968,9116
2.7000000000000002,2.0699999999999998e-05,2.0470000000000002,9557
2.75,2.8929999999999999e-05,2.1240000000000001,9969
2.7999999999999998,3.7379999999999998e-05,2.1909999999999998,10314
2.8500000000000001,4.8659999999999998e-05,2.2690000000000001,10734
2.8999999999999999,5.9580000000000002e-05,2.3340000000000001,11078
2.9500000000000002,7.2189999999999998e-05,2.4009999999999998,11451
3,8.3109999999999995e-05,2.452,11870
3.0499999999999998,9.4049999999999996e-05,2.4990000000000001,12609
3.1000000000000001,0.0001052,2.5430000000000001,14837
